0.000000000000000000e+00,5.459569286344642751e+04,3.024245309178025920e+00,1.959925017432514016e+00,3.356777959612549989e+00,nan,nan,nan,nan,nan,nan,nan,nan,nan,nan
0.000000000000000000e+00,1.044058451913756763e-01,1.218352895662704605e-01,2.235479275431079549e-01,4.126496936468758703e-01,8.220861012118619859e-01,7.308670244335565336e+00,2.213579080186607098e+04,9.662398596863260865e+07,4.233203236628588438e+08,2.350089167727445019e+05,1.550469766728017969e+13,1.578109080674935680e+17,3.413450006715545027e+20,5.235594564914942798e+40
0.000000000000000000e+00,8.635020995896366958e-02,9.767549663686359018e-02,8.640235421906723723e-02,9.424688107187849384e-02,6.002659005906613165e-02,3.151519835157127192e-01,2.498763055068020378e-01,2.619256146744526177e+03,2.317825993257604167e+07,1.446765665593681227e+01,1.925963998695294857e+08,3.075237977316556641e+13,1.024454525512792480e+12,3.643542785657356628e+29
0.000000000000000000e+00,6.857021622802662864e-02,7.663435589387417035e-02,7.619692918553132299e-02,7.344329346632802458e-02,5.296575052300209890e-02,5.204281523788888142e-02,1.247897765866825353e+02,1.646133589784469220e-01,1.469477860794965229e+00,7.729767892119592254e+00,4.830566350211585086e+04,2.018941669888504720e+01,3.672825404520419568e+01,1.952572555704761544e+04
0.000000000000000000e+00,5.279387817004056044e-02,5.840229481922128846e-02,6.198697665762855497e-02,5.634622878905154453e-02,4.989561987825348599e-02,4.965194116314119305e-02,9.402943534708188555e-02,1.021194552343742817e-01,3.860614257032426444e-01,7.866321489443975912e-01,1.738876143079601810e+00,2.593885310315332537e-01,1.643523241094894116e-01,6.055208293687802978e+01
0.000000000000000000e+00,4.035610293290847750e-02,4.454440470593350188e-02,4.708359795486460886e-02,4.269900360592038258e-02,4.648089615555884430e-02,4.345791578364432972e-02,7.087610514997044753e-02,6.985818239538299501e-02,1.465286245382252939e-01,5.851768734678576556e-02,1.560853193052270382e-01,1.349702477331154171e-01,1.360893466109842354e-01,3.980867032156473195e-01
0.000000000000000000e+00,3.088540199535542985e-02,3.399133990771503050e-02,3.482225828425408037e-02,3.185918076387293102e-02,3.913976251010432839e-02,3.532144667483724104e-02,4.921237561920849268e-02,4.894721240772458709e-02,1.332621643939574108e-01,4.771809339988122844e-02,9.961620984066511808e-02,7.563523626231306862e-02,9.876534876813289343e-02,3.251136551954272869e-01
0.000000000000000000e+00,2.393630262109008519e-02,2.575163082290249372e-02,2.585979973496160128e-02,2.367563986585067073e-02,2.988265944132667898e-02,2.731112733032980619e-02,3.288986190169326806e-02,3.787751775992347775e-02,1.159522981797776325e-01,4.564898853492693059e-02,6.593268471831593980e-02,4.410418301192530616e-02,7.186228042967846008e-02,2.116678245853691742e-01
0.000000000000000000e+00,1.859277361216280997e-02,1.939504677163661137e-02,1.933639668727772307e-02,1.742896645943953216e-02,2.161640489988686173e-02,1.989568425219445311e-02,2.155427932116847634e-02,2.995290854384227014e-02,9.354078042034001672e-02,4.181496135678672982e-02,4.368618762589615567e-02,3.214878699024640435e-02,5.782548424509760532e-02,1.212262452269103202e-01
0.000000000000000000e+00,1.372518641261732432e-02,1.455643259813132161e-02,1.450916230296986527e-02,1.252930855222657118e-02,1.498778030668735176e-02,1.327338286707642132e-02,1.388925737569613600e-02,2.207067211852490121e-02,6.486862512920057999e-02,3.241067107557670662e-02,2.634921552604137240e-02,2.497831941160994287e-02,5.133231395396142122e-02,7.089209072246518972e-02
0.000000000000000000e+00,8.841594444026589297e-03,1.066843333806498026e-02,1.097811435517751823e-02,8.734670470945076273e-03,9.860020538814762495e-03,8.098676531080052296e-03,8.303991392274650413e-03,1.455664456795775948e-02,3.791746169870888195e-02,2.074713730628406291e-02,1.597555825918683947e-02,1.689122624721653074e-02,4.211535631175396255e-02,4.429780184169452434e-02
0.000000000000000000e+00,5.005302373795587900e-03,7.011259770084016241e-03,8.310316202394456980e-03,6.038530467685726370e-03,6.338697714111083542e-03,5.061612536424215866e-03,4.771684924376494615e-03,8.341618647547404883e-03,1.931388403059798933e-02,1.101829417678132535e-02,1.193246217838236922e-02,1.020279875064476587e-02,3.045217142784109252e-02,2.840902148585477613e-02
0.000000000000000000e+00,4.747448460638202528e-03,4.107900304168447640e-03,5.891334128932814752e-03,4.513090053724162255e-03,4.528611203707172753e-03,4.546150180769186616e-03,4.856596091192060330e-03,4.396880059777472614e-03,9.184119353089825744e-03,5.923451758200111786e-03,1.126543844389182175e-02,7.709551231091561936e-03,2.084112513311680778e-02,1.826697754918449323e-02
0.000000000000000000e+00,6.279407334468717350e-03,4.638922867014803018e-03,4.069997958567903550e-03,4.481649820500578814e-03,4.785938940759008886e-03,6.221576891926934583e-03,7.424346006299493983e-03,5.049833488051595765e-03,6.202207874764014209e-03,6.834908975162088014e-03,1.266939748927108957e-02,8.901180972015875631e-03,1.695353688676860468e-02,1.383525417358778993e-02
0.000000000000000000e+00,7.102452912733567096e-03,6.569797517724607593e-03,4.696543455644491827e-03,5.902312016901413265e-03,6.745089219311993164e-03,9.205415379718258351e-03,1.086996067306523518e-02,8.447951508562583089e-03,8.570269804813018463e-03,1.035033810055097266e-02,1.587477588486273239e-02,1.209552836691369683e-02,1.787899774206172868e-02,1.502253032408399670e-02
0.000000000000000000e+00,7.104673176078104939e-03,7.746746500286196685e-03,6.606480452773759102e-03,8.087986828037376646e-03,9.551582851113293859e-03,1.305462839444748030e-02,1.530059434498178515e-02,1.303285227371533614e-02,1.284551914881812071e-02,1.504340526824105885e-02,2.114951346033789453e-02,1.681293582662777425e-02,2.177275378551143947e-02,1.974616476857212616e-02
0.000000000000000000e+00,6.651531923141492525e-03,8.125700967845829112e-03,8.136449074677944843e-03,1.028254220903941467e-02,1.250448793667235069e-02,1.716675279401564877e-02,2.074300751052458175e-02,1.901127649683871310e-02,1.871877001599663373e-02,2.153398799089736165e-02,2.937546101972344018e-02,2.345268461663839454e-02,2.812935909039494461e-02,2.690651676768023026e-02
0.000000000000000000e+00,6.067640036186555501e-03,8.029228872060496097e-03,9.047526966194966228e-03,1.209325902002417359e-02,1.512285270531399731e-02,2.087067710159705089e-02,2.634312984805700988e-02,2.592707466130161897e-02,2.645868697841939621e-02,3.061159441697167138e-02,4.170150697718937038e-02,3.270826055643591412e-02,3.728276439556732491e-02,3.686284226225364224e-02
0.000000000000000000e+00,5.556473502362869327e-03,7.734275615183573878e-03,9.502206362292276928e-03,1.347425864399539111e-02,1.728334480651269947e-02,2.395884297824973225e-02,3.114991138698054718e-02,3.230576436396824513e-02,3.501827249994499819e-02,4.190129591910972395e-02,5.876581733110084610e-02,4.525288757475794815e-02,5.002772108163673626e-02,5.047858766338691322e-02
0.000000000000000000e+00,5.202269406354146329e-03,7.406888360684713360e-03,9.686986231195104588e-03,1.450695949108342549e-02,1.905693507775804360e-02,2.656196677923184160e-02,3.498817913178826899e-02,3.717235964300452666e-02,4.252874720138218045e-02,5.313454715963459446e-02,7.918183198945744072e-02,6.061190639271912817e-02,6.684578276604645486e-02,6.851914935095108905e-02
0.000000000000000000e+00,5.003748905561077216e-03,7.121739594248941048e-03,9.729870872642095575e-03,1.527314575031718871e-02,2.052089169106047564e-02,2.881420309434953864e-02,3.813286631262453874e-02,4.069887473431763741e-02,4.819434414981441789e-02,6.227700416423728735e-02,9.953869670028332728e-02,7.617854516976124701e-02,8.623798794462936290e-02,9.023045666696916101e-02
0.000000000000000000e+00,4.920152835821523657e-03,6.900068258864522353e-03,9.705510770939980783e-03,1.583248059147376180e-02,2.171389573131425263e-02,3.075731229708483089e-02,4.081074414256147254e-02,4.342233410928033471e-02,5.238698919701537116e-02,6.915923399901535706e-02,1.172011613721409967e-01,8.931274984635419190e-02,1.051141490565973280e-01,1.126163227898281938e-01
0.000000000000000000e+00,4.906147724469649661e-03,6.738847011955140937e-03,9.655310947934274760e-03,1.623251306969324126e-02,2.266077256965314327e-02,3.238855324478265990e-02,4.310154553985728193e-02,4.568934921217360917e-02,5.567622757065781441e-02,7.453161292548875216e-02,1.316061348008238652e-01,9.945695383582339733e-02,1.215901614223368898e-01,1.328469070406658736e-01
0.000000000000000000e+00,4.927048355306300718e-03,6.626489294501909134e-03,9.601035316411645967e-03,1.651397303297858637e-02,2.339151433113082282e-02,3.371054524778041572e-02,4.501651758970386802e-02,4.762552256144166746e-02,5.838424439298416091e-02,7.899411472008550927e-02,1.432235656026664972e-01,1.073841244010268481e-01,1.357681018476027401e-01,1.503576026604016014e-01
0.000000000000000000e+00,4.961010487931118325e-03,6.550195221028911295e-03,9.552623559505892675e-03,1.671022169457745885e-02,2.394230218638581514e-02,3.474715496263169195e-02,4.656552989166937856e-02,4.925382160900955431e-02,6.062602697651666567e-02,8.278231541978893493e-02,1.525679443620905074e-01,1.138935095828211286e-01,1.483854664615663344e-01,1.660104952819716206e-01
0.000000000000000000e+00,4.996235819687088082e-03,6.499041761405819143e-03,9.513301189793734597e-03,1.684665242841219823e-02,2.435005012869624272e-02,3.553828927900088558e-02,4.777928037659052996e-02,5.058003758895399798e-02,6.244108518057159968e-02,8.593861207642725097e-02,1.599712119492449902e-01,1.193658076988161065e-01,1.597846449315255546e-01,1.805162419395207052e-01
0.000000000000000000e+00,5.027403478967279633e-03,6.464834342531484111e-03,9.482997506636000468e-03,1.694156470501583314e-02,2.464796156284290371e-02,3.612962881478169047e-02,4.870538513796084795e-02,5.162493807551767760e-02,6.386723324241547206e-02,8.847848437568263391e-02,1.656911779666866702e-01,1.238911355951577559e-01,1.698218033514473924e-01,1.938165501536397162e-01
0.000000000000000000e+00,5.052825306854260255e-03,6.441869789635938474e-03,9.460362729798660678e-03,1.700774835516806818e-02,2.486357521294138562e-02,3.656482350313362134e-02,4.939755079644731622e-02,5.242528920234876266e-02,6.495749114695702209e-02,9.045359992101373314e-02,1.699979267811295158e-01,1.275008148153907728e-01,1.782372453866558071e-01,2.054237975296551166e-01
0.000000000000000000e+00,5.072587714727867965e-03,6.426340648325180871e-03,9.443777151717543464e-03,1.705402665988132310e-02,2.501857584819384972e-02,3.688148972117531038e-02,4.990692329789896131e-02,5.302500314552811150e-02,6.577303386417528153e-02,9.194788650957090581e-02,1.731735230588845875e-01,1.302780290580694833e-01,1.849497430902173889e-01,2.149765649227846909e-01
0.000000000000000000e+00,5.087489979991715976e-03,6.415752114403329084e-03,9.431769611319701027e-03,1.708646963259420962e-02,2.512946883537048315e-02,3.711002637003643634e-02,5.027754783633679725e-02,5.346707821311371539e-02,6.637328632082097057e-02,9.305573970888852964e-02,1.754805840825483243e-01,1.323555676190594499e-01,1.900954428956622977e-01,2.224591411680575115e-01
0.000000000000000000e+00,5.098504193193141402e-03,6.408475123560025341e-03,9.423143411039839462e-03,1.710926252368560538e-02,2.520853531110682846e-02,3.727399126541861701e-02,5.054501427662737995e-02,5.378908726629290371e-02,6.680994705986495474e-02,9.386540050140257385e-02,1.771403376535925778e-01,1.338797251764097529e-01,1.939313671909654313e-01,2.281152146047843166e-01
0.000000000000000000e+00,5.106535326583225461e-03,6.403439833442505467e-03,9.416977651299833496e-03,1.712530299962199826e-02,2.526477319951131451e-02,3.739113444404781189e-02,5.073690195029861155e-02,5.402163611749168093e-02,6.712496729011975527e-02,9.445124530341653113e-02,1.783269936084957152e-01,1.349836828736252214e-01,1.967385614065535748e-01,2.322906194137406011e-01
0.000000000000000000e+00,5.112337275554140054e-03,6.399936398157828922e-03,9.412585377755057492e-03,1.713660611403321557e-02,2.530470511725019592e-02,3.747457559198902333e-02,5.087398969952774269e-02,5.418855239551528813e-02,6.735089687426371041e-02,9.487221296503450807e-02,1.791720931720879595e-01,1.357767244973280829e-01,1.987686218904750335e-01,2.353265062413924524e-01
0.000000000000000000e+00,5.116501992129576272e-03,6.397488304170138515e-03,9.409463594617710827e-03,1.714457867733732571e-02,2.533302446704994645e-02,3.753388416290481810e-02,5.097163475573372737e-02,5.430783836330912301e-02,6.751225844749597638e-02,9.517325132274312427e-02,1.797724669856100022e-01,1.363434050190248936e-01,2.002255462598988844e-01,2.375126767918641635e-01
0.000000000000000000e+00,5.119478156780822055e-03,6.395772089445641954e-03,9.407248257884673684e-03,1.715020603796172174e-02,2.535309100840706098e-02,3.757597595405038488e-02,5.104103779149993941e-02,5.439282206082386717e-02,6.762716675399746413e-02,9.538780560266586772e-02,1.801983152522060594e-01,1.367469464826805703e-01,2.012660222045714598e-01,2.390773076750619952e-01
0.000000000000000000e+00,5.121598328646291380e-03,6.394566054304981484e-03,9.405677857856356572e-03,1.715418009369413382e-02,2.536730110954615869e-02,3.760581681920249775e-02,5.109029294416570638e-02,5.445323484395372254e-02,6.770882543931332209e-02,9.554036328913784182e-02,1.805000656746553189e-01,1.370336661316919336e-01,2.020067090954430489e-01,2.401926715918244748e-01
