3.368898910003599930e+10
1.177519257409051716e+04
8.105941096204222207e-02
1.793488275839993373e-01
5.465594745353697520e-02
4.255449573006402086e-02
3.261455058276269831e-02
2.461507324947765155e-02
1.824325591946701283e-02
1.338233487171358767e-02
9.568943375072882368e-03
6.703677879335141060e-03
5.473863318543542057e-03
5.807426999932696621e-03
6.349959404573507146e-03
6.444344713918296295e-03
6.113529476089367073e-03
5.580493794928476081e-03
5.061214497372075460e-03
4.674196603318995710e-03
4.440899573034093155e-03
4.328923677527385036e-03
4.292900865394686134e-03
4.296463709481099236e-03
4.316744962547682148e-03
4.341373512100045462e-03
4.364531504266670574e-03
4.384026017419467847e-03
4.399469659271538005e-03
4.411258042745712718e-03
4.420042384986227688e-03
4.426483660109566121e-03
4.431155237283441149e-03
4.434517723219634153e-03
4.436925213316923571e-03
4.438642586725872335e-03
