0.000000000000000000e+00,5.647599635920134368e-04,5.496136741624822524e-04,6.065071015532926511e-03,1.904548846653952160e-02,6.269261462961070452e-02,5.788858838598962692e-02,1.140801309179768214e-01,3.207953164096811749e-01,6.901645971831625327e+06,1.116591197509946112e+27,9.250956504635300487e+06,4.174186047858462500e+15,1.302546275452463680e+17,6.487868393972474881e+24
0.000000000000000000e+00,3.862441232126865242e-04,6.606469250696499814e-04,5.327255613897009107e-03,1.393843664476256995e-02,6.227497639715408317e-02,5.840111691821509715e-02,1.154061231167509971e-01,3.014585889335707480e-01,7.275240988241876039e+02,1.762626962987501250e+14,8.014023335492872866e+04,3.509727472400966875e+14,1.620077393477329239e+07,1.255118474648252160e+18
0.000000000000000000e+00,2.638120374201671043e-04,8.020542035252118361e-04,4.270823188155830306e-03,9.277433937783989212e-03,5.878239128972109762e-02,5.547470344654806956e-02,1.049968393568548874e-01,7.651220537706331093e-02,3.302667798919100006e-01,4.278562759603057319e-01,2.225324066447001148e-01,6.145085682012513262e-01,4.018308889029323439e+01,2.919088200691410828e+10
0.000000000000000000e+00,3.786873718265328895e-04,7.587731731532127094e-04,2.804127871385695379e-03,5.310537948097463108e-03,5.105334760407405359e-02,4.784881317082007035e-02,8.414795274300845840e-02,8.021775785739823639e-02,2.374969038393136278e-01,3.315968198920609122e-01,1.683935351206740372e-01,3.016545914092407799e-01,2.964963587210305840e-01,1.855226907266301462e+00
0.000000000000000000e+00,4.450780041632974296e-04,5.537230999585451277e-04,1.459353089318675325e-03,2.618246308239809833e-03,4.016738118397019525e-02,3.690781966999662905e-02,5.931549404971774020e-02,7.960015624838372161e-02,1.360860422088971677e-01,2.064920364218914284e-01,1.019138924307731037e-01,5.003743902863633242e-02,8.435001974374742306e-02,3.326370942301141720e-01
0.000000000000000000e+00,5.155610890117735302e-04,4.725856266966705537e-04,7.225802782790206056e-04,1.217563972503259194e-03,2.868390369307873347e-02,2.561249593951182499e-02,3.744287145580638826e-02,7.558043801004164786e-02,6.952640964434604609e-02,1.207151847294198055e-01,5.876814309241884526e-02,3.757194834057393101e-02,7.002021190026966324e-02,2.984321350505321213e-01
0.000000000000000000e+00,6.881128437669787592e-04,5.923117325555194877e-04,5.830861859510311782e-04,7.410022655072153255e-04,1.779374669124166378e-02,1.540735707416652535e-02,2.051652904247921669e-02,6.382014545834724384e-02,3.911908198914144930e-02,7.073014083579792777e-02,3.514335976274456097e-02,3.385579234800793758e-02,5.808779392310094158e-02,2.354180806879471177e-01
0.000000000000000000e+00,9.833341630621048220e-04,8.649914971762869692e-04,7.659543180221046414e-04,8.054609097096214650e-04,8.971599811523123247e-03,7.573259761034277851e-03,9.352935548683214903e-03,4.381399568061551675e-02,2.695781324362374679e-02,4.147058716056760408e-02,2.333327037334517393e-02,3.122236579284254007e-02,4.688066657554825628e-02,1.670740660712970449e-01
0.000000000000000000e+00,1.445380501039930047e-03,1.313568803821776702e-03,1.161204307583736358e-03,1.155108323822492001e-03,3.727295356672845599e-03,3.177976240913736768e-03,3.762950817286689429e-03,2.363366028406421043e-02,2.029382651246377720e-02,2.337174024780082349e-02,1.623430612567474188e-02,2.688720909721638297e-02,3.480562007717920292e-02,1.113074002262446766e-01
0.000000000000000000e+00,2.152995660420567621e-03,2.015022054326607009e-03,1.834027424254913979e-03,1.793965670749891840e-03,1.754805340091538388e-03,1.877382287193336309e-03,2.231786369375848844e-03,1.089382747508496445e-02,1.406378548789806102e-02,1.187052847622841259e-02,1.074259711286712493e-02,1.955553610424248800e-02,2.096675847391650874e-02,6.526145457011582607e-02
0.000000000000000000e+00,3.204734752434279695e-03,3.069680991569779388e-03,2.887950561914007317e-03,2.820525976123574707e-03,2.104093583653571676e-03,2.343026302163792474e-03,2.755609977709441629e-03,5.237007671916467898e-03,8.792970149991622200e-03,5.662036786851992916e-03,6.836714743836583286e-03,1.376834802945671975e-02,8.558945053632487435e-03,3.034677903533636659e-02
0.000000000000000000e+00,4.635552996386987923e-03,4.509669342165317785e-03,4.353030165077142848e-03,4.265279531296108095e-03,3.541457730963508063e-03,3.551445958336242690e-03,3.997257356922425363e-03,3.790633812586098519e-03,6.324233070130429527e-03,3.898307400436070314e-03,5.237471506834355355e-03,1.387786152158285331e-02,7.055264198959101257e-03,1.265805253580395799e-02
0.000000000000000000e+00,6.303631293007021935e-03,6.185849928922037590e-03,6.072334846610089737e-03,5.969010965395765353e-03,5.756037565381162333e-03,5.510704422232094724e-03,5.968108224590244586e-03,4.957871022692188386e-03,6.648759424319644271e-03,4.821728195088966634e-03,5.750479736339327366e-03,1.347046958132994132e-02,9.303987903058351730e-03,7.492698370902200339e-03
0.000000000000000000e+00,7.987116829266050627e-03,7.876269113355104795e-03,7.819712432130337953e-03,7.706348493970608358e-03,8.967763881797367886e-03,8.549523728917858209e-03,8.994853681138533300e-03,7.768882563970357785e-03,8.787273247637573600e-03,7.083179358575179309e-03,7.820232832250620728e-03,1.270813762884156171e-02,1.066857340481082439e-02,8.079240051190020658e-03
0.000000000000000000e+00,9.531207304958761242e-03,9.432575300398071336e-03,9.446160398055122170e-03,9.332662541452270422e-03,1.345672443841810541e-02,1.302527687778642917e-02,1.343622951554469466e-02,1.214844346915304983e-02,1.246771317432533027e-02,1.065516419409307143e-02,1.143435128057021348e-02,1.410656933211706064e-02,1.357011195647577460e-02,1.109683783817758639e-02
0.000000000000000000e+00,1.085588496102342197e-02,1.077675362636905561e-02,1.086792687161394766e-02,1.076482638047268625e-02,1.910571928479736295e-02,1.890254978563248034e-02,1.930462604813816888e-02,1.838306007240303463e-02,1.803971857912343990e-02,1.598579773123947473e-02,1.705750742824301350e-02,1.813282519361069170e-02,1.888876913565435550e-02,1.617979585339369281e-02
0.000000000000000000e+00,1.193323696748744070e-02,1.187754180921784739e-02,1.204449946465062371e-02,1.195842303245412894e-02,2.519871655674121511e-02,2.548475431035164204e-02,2.589756091430340038e-02,2.630488407605189455e-02,2.608272374923097103e-02,2.370712532330389657e-02,2.536957029114592782e-02,2.496344704450245006e-02,2.698607300826588035e-02,2.373951169117518092e-02
0.000000000000000000e+00,1.277373347898650043e-02,1.274126338776851095e-02,1.297514782715850599e-02,1.290805184226429328e-02,3.099930740068147089e-02,3.196276834703754011e-02,3.231748361018804694e-02,3.478489654971927969e-02,3.672546187088734232e-02,3.403746874705600167e-02,3.654161066507806421e-02,3.521024856946033954e-02,3.841524593941594151e-02,3.449192084738644110e-02
0.000000000000000000e+00,1.340987355647981806e-02,1.339783805803754051e-02,1.368677065816402763e-02,1.363743027646806272e-02,3.615111913405986283e-02,3.787924728710338057e-02,3.808397202796069692e-02,4.257913930371768491e-02,4.891812193382046037e-02,4.597650994114836631e-02,4.936427224230859057e-02,4.913345427009895017e-02,5.342328093950173690e-02,4.897388880068151429e-02
0.000000000000000000e+00,1.388126666927778398e-02,1.388592704836425461e-02,1.421801216557708365e-02,1.418372155652123864e-02,4.055432737434395279e-02,4.304844418465033490e-02,4.306551982353254426e-02,4.917341989086767423e-02,6.123632743406708795e-02,5.809065791821761693e-02,6.215059591653730731e-02,6.523537111594970850e-02,7.064242868069145476e-02,6.621151432961193406e-02
0.000000000000000000e+00,1.422554694260978227e-02,1.424321865942178821e-02,1.460805572980388746e-02,1.458577388995015850e-02,4.420632193944486893e-02,4.740761493462101323e-02,4.725413753574997378e-02,5.459238520591718630e-02,7.286779213806067468e-02,6.960616270365249658e-02,7.400351128561524772e-02,8.091271396248252146e-02,8.751796543903611614e-02,8.335473083309836995e-02
0.000000000000000000e+00,1.447450783552204148e-02,1.450201081907606833e-02,1.489116878928849023e-02,1.487810485119177989e-02,4.714886957614455171e-02,5.096391012560801126e-02,5.068105081573726078e-02,5.899632314150673323e-02,8.343522327683969286e-02,8.019908342405772383e-02,8.463545996832462504e-02,9.457511116589188693e-02,1.023952211634454185e-01,9.820084493516002822e-02
0.000000000000000000e+00,1.465331804436977199e-02,1.468809781975877367e-02,1.509504871899333342e-02,1.508888131006193636e-02,4.945564642642287512e-02,5.377786168424619068e-02,5.340733197247535258e-02,6.252804878059496640e-02,9.268505899998036313e-02,8.961579327520317884e-02,9.390180373782618106e-02,1.059088990955183024e-01,1.148975765647194669e-01,1.104737470879911254e-01
0.000000000000000000e+00,1.478114207746946719e-02,1.482123314573871933e-02,1.524106829997334822e-02,1.523997213413646329e-02,5.122085466989066693e-02,5.594614299051043488e-02,5.552036194558102739e-02,6.530784587585850010e-02,1.004639103608595263e-01,9.765536429940621654e-02,1.017057427084686050e-01,1.150933325622379710e-01,1.251503011667847998e-01,1.206509707225211503e-01
0.000000000000000000e+00,1.487222075090440139e-02,1.491615152695038166e-02,1.534525034674609836e-02,1.534783933846992424e-02,5.254500073704247015e-02,5.758101248847712766e-02,5.712193979021508439e-02,6.745085520565662074e-02,1.067594562719842294e-01,1.042463698329362531e-01,1.080465206940361966e-01,1.223861314359544622e-01,1.333661616203040967e-01,1.290627584963313923e-01
0.000000000000000000e+00,1.493696986312940435e-02,1.498365814919226484e-02,1.541938453878194566e-02,1.542462963189468461e-02,5.352287311960915450e-02,5.879290677598997261e-02,5.831425807541314871e-02,6.907105048528959512e-02,1.116885215629263017e-01,1.094598240012218948e-01,1.130329937511151267e-01,1.280522120807326414e-01,1.397889314978884578e-01,1.358631731925705743e-01
0.000000000000000000e+00,1.498292777788193773e-02,1.503158727047323485e-02,1.547203885707532610e-02,1.547918748790496311e-02,5.423649702006242551e-02,5.967974143889163280e-02,5.918968047323064363e-02,7.027588547384272522e-02,1.154462248598767393e-01,1.134652988713120841e-01,1.168496047766873908e-01,1.323629612499483410e-01,1.446943557103180233e-01,1.412004882651272386e-01
0.000000000000000000e+00,1.501551161363505471e-02,1.506557568477811040e-02,1.550938796371018058e-02,1.551789537889842509e-02,5.475270756165116076e-02,6.032251931217434693e-02,5.982578086717109389e-02,7.116011421940322823e-02,1.182528631181277018e-01,1.164741933311490146e-01,1.197094850582713921e-01,1.355837095918538959e-01,1.483681186592664958e-01,1.452763684355254103e-01
0.000000000000000000e+00,1.503859520249253671e-02,1.508965784032125640e-02,1.553585625061993519e-02,1.554533089135877108e-02,5.512371672109734472e-02,6.078515312371456786e-02,6.028445685510647883e-02,7.180253396760132023e-02,1.203173518223411148e-01,1.186966900105158457e-01,1.218184027155043425e-01,1.379554201111743705e-01,1.510773637600240915e-01,1.483220964871808378e-01
0.000000000000000000e+00,1.505493943189956108e-02,1.510671085888269649e-02,1.555460140962169543e-02,1.556476320265464015e-02,5.538912638010839301e-02,6.111644606719745382e-02,6.061335843690365821e-02,7.226576949715107778e-02,1.218190273370368948e-01,1.203181458897023548e-01,1.233552684207070288e-01,1.396826422829146874e-01,1.530521940117502977e-01,1.505617645286257134e-01
0.000000000000000000e+00,1.506650738028958783e-02,1.511878134694768887e-02,1.556787087032484793e-02,1.557852016741642816e-02,5.557835789813781596e-02,6.135282278234151926e-02,6.084825712353047339e-02,7.259795780709174529e-02,1.229025052520695410e-01,1.214905536873191472e-01,1.244656613528044298e-01,1.409301726692374912e-01,1.544793951496608309e-01,1.521898264147270030e-01
0.000000000000000000e+00,1.507469257126058983e-02,1.512732256291207146e-02,1.557726111345120006e-02,1.558825593630243540e-02,5.571295312727305576e-02,6.152103810146886814e-02,6.101553715582124643e-02,7.283521825816939577e-02,1.236797109899594044e-01,1.223328339688280197e-01,1.252629682831435387e-01,1.418258155656341168e-01,1.555044191426069033e-01,1.533636803666154902e-01
