3.368898910003599930e+10,1.105991430812330818e+10,2.440322175392485526e+00,1.512114634498086234e+05,5.165998612011601931e-01,5.273316894258415743e+01,5.862127432551854400e+16,4.161063915783360946e+33,1.043768409366001964e+09,6.917670704355138184e+24,1.043462769802935991e+50,3.277205509630893352e+40,6.399635335579218593e+51,2.210899999382005922e+43,2.447430619444043336e+30
1.177519257409051716e+04,7.812164908712540627e+09,2.472504020189463918e+05,1.175848596614520312e+13,4.171851543711961426e+12,4.969847989239509212e-01,3.742315845101034546e+11,7.108639778648824858e+01,1.326335707527706176e+23,3.275528170205253906e+11,7.906617112290032208e+07,5.403967434891249175e+44,4.151889348935008086e+38,3.193431555596726000e+15,1.240698596739403571e+19
8.105941096204222207e-02,1.521811233189482948e+02,5.137497868849529858e-01,1.224089185910942774e+02,2.838608895860795789e-01,3.787701930894281088e-01,2.398360975538674593e+08,4.916716776277824108e-01,6.648942093429233147e-01,3.612117056317372480e+05,8.295331607631055638e+06,1.007664969254616261e+09,4.010800951963995361e+11,1.228518032237720156e+14,1.147649758278431641e+12
1.793488275839993373e-01,8.190257579226797868e-02,9.427104242058571837e-02,9.166407420216245161e-02,4.954245203642458351e-01,1.462518940954193325e-01,1.449006007914165783e+00,3.777616774785521603e-01,7.831803071594222843e+00,1.507113373430269687e-01,2.160283408242899895e+03,1.500395290410103276e+06,1.796520822712328285e+06,6.099661562774393242e+05,7.237964428351630270e+07
5.465594745353697520e-02,6.617892952247556027e-02,7.627421739622401720e-02,7.383801231356795780e-02,6.941972975641350074e-02,1.211734650971192651e-01,1.154624314061968721e-01,1.168267353359334210e-01,9.093548033438886291e-02,9.778128158152295246e-02,1.564582040812739772e-01,2.535322493871957072e-01,1.362265633796720294e+02,3.171093676267346950e-01,3.940938779318819973e-01
4.255449573006402086e-02,5.147195576636019732e-02,5.928689223663138885e-02,6.028506907590022029e-02,5.833831339293216178e-02,9.583644298773186243e-02,8.745980397164053455e-02,8.333582115449533756e-02,7.197559281276175169e-02,9.384484131384836225e-02,1.448989143526416279e-01,1.388115296869802950e-01,1.620861898354464259e-01,2.630069325408848080e-01,2.179237851023493600e-01
3.261455058276269831e-02,3.922594852703506496e-02,4.474691010705517114e-02,4.730828902078351716e-02,4.693164677939056645e-02,7.242830220162883859e-02,6.504043675048815087e-02,5.278670850374746204e-02,7.241897500154295675e-02,8.281648469286566339e-02,1.294600447040500368e-01,9.172549834767619592e-02,8.118872034278079575e-02,1.952520202979466379e-01,2.266508389060152284e-01
2.461507324947765155e-02,2.942648856497899132e-02,3.287501274885434172e-02,3.487052339721814082e-02,3.480773596983612744e-02,5.026285448151900787e-02,4.609463488509876750e-02,3.403504830628502342e-02,6.627055896839090243e-02,6.697683445242595679e-02,1.093736523174770880e-01,7.765215177108154843e-02,6.272240062632214452e-02,1.439573341292281761e-01,1.728839701178596922e-01
1.824325591946701283e-02,2.182370366889090779e-02,2.372329234266881345e-02,2.467863517460915090e-02,2.441980835697564467e-02,3.260512978916562526e-02,3.072118904997516581e-02,2.228889880066351609e-02,5.057535064651748347e-02,5.049970393018352044e-02,8.521518238754069441e-02,6.471980440025787429e-02,4.979564418845304485e-02,8.732730203404556746e-02,1.055516872396845968e-01
1.338233487171358767e-02,1.628550013750615713e-02,1.728840253240047573e-02,1.734483792618641759e-02,1.698797422590091893e-02,2.119979137171924127e-02,2.062073195772441345e-02,1.544291576826261649e-02,3.402454067923951775e-02,3.532058107334644370e-02,5.776154210798761096e-02,5.238753376717538573e-02,3.619488158220843937e-02,5.424231659402580646e-02,6.253434427330797907e-02
9.568943375072882368e-03,1.207854783698393553e-02,1.280680734581843283e-02,1.204932938897399809e-02,1.147077254789461223e-02,1.411413034645279257e-02,1.423793974799690901e-02,1.083709506765555448e-02,2.097962129303054118e-02,2.197420173615275904e-02,3.277144510571988745e-02,3.820378940838479315e-02,2.377350787098158474e-02,3.726254265865365511e-02,4.049647566520087061e-02
6.703677879335141060e-03,8.594817058799058759e-03,9.325395611420893294e-03,8.166418563641553510e-03,7.134057728449007783e-03,9.130854854604811277e-03,9.534165269939222712e-03,7.066763299114517220e-03,1.144360339800947965e-02,1.204523725773290477e-02,1.586463511409351781e-02,2.418529600680471153e-02,1.449834852843031631e-02,2.598664960936427140e-02,2.723956448292145366e-02
5.473863318543542057e-03,6.274142395207890632e-03,6.318635444688827825e-03,5.363628849832217244e-03,4.389269961191865146e-03,5.811561573135181485e-03,6.608042810539031461e-03,6.095280989451911692e-03,5.887506431125951595e-03,7.246909832713652536e-03,7.592858168788083409e-03,1.353740857516192060e-02,9.283201591982100098e-03,1.691442427189180503e-02,1.667556156805750922e-02
5.807426999932696621e-03,5.922824114923617642e-03,4.686565788143071815e-03,3.583296646545850849e-03,3.820439630784467321e-03,5.033604831545710444e-03,6.382424878303026919e-03,7.978831766439906797e-03,5.139114661867499358e-03,7.317827217471724495e-03,6.783744116699375395e-03,7.425659022782893012e-03,7.621249247400751006e-03,9.326841827794897510e-03,1.000540448847913461e-02
6.349959404573507146e-03,6.572644800783788988e-03,5.594408401549770364e-03,4.338192626556690475e-03,5.018302736854615177e-03,6.813450519365406993e-03,8.473310094523536090e-03,1.108020196262894316e-02,7.527436402969853863e-03,1.000177043557740064e-02,9.680609477179635824e-03,7.410632481973575963e-03,9.314885282862929439e-03,6.897239027901410670e-03,1.004634978761464494e-02
6.444344713918296295e-03,6.976028638517911724e-03,7.088079218860598649e-03,6.707160231651873236e-03,7.232408937746007647e-03,9.881210207321753161e-03,1.180117523286478877e-02,1.502296839614595397e-02,1.134657900029688651e-02,1.431796152129259300e-02,1.429433963410559755e-02,1.183381296508012430e-02,1.396475467642424063e-02,1.138643464480677998e-02,1.434566239911435996e-02
6.113529476089367073e-03,6.871219772983223895e-03,7.907165530860410171e-03,8.697493439876826521e-03,9.718619379106646639e-03,1.343543727174488153e-02,1.563852330388881134e-02,1.968527383216760879e-02,1.687291242874102912e-02,2.058746053249289193e-02,2.125070090209140242e-02,1.868965449065535314e-02,2.136966563083921022e-02,1.848471058534108952e-02,2.119176675966397139e-02
5.580493794928476081e-03,6.443322330412049742e-03,8.055408151136879066e-03,9.887000467953986280e-03,1.185527737966763674e-02,1.681302811299218922e-02,1.939936033457817510e-02,2.443280425215525395e-02,2.418203479156428443e-02,2.927081067390241778e-02,3.136447357456344925e-02,2.862319006462669263e-02,3.201164337533774634e-02,2.786859819622197407e-02,3.126479860310654030e-02
5.061214497372075460e-03,5.945041220225757636e-03,7.843139315376269211e-03,1.046555828504864942e-02,1.346786557519798720e-02,1.963537727345916403e-02,2.280197769988446393e-02,2.860030796913369533e-02,3.197349720757419050e-02,3.964109011994150500e-02,4.429265856285938274e-02,4.224512369931009148e-02,4.641546227268820990e-02,4.024853309213363706e-02,4.534083437117744642e-02
4.674196603318995710e-03,5.540019448280920390e-03,7.526979051255881965e-03,1.070182797193110387e-02,1.464869344281964289e-02,2.187406244114006165e-02,2.582083920687370387e-02,3.209678076557267307e-02,3.869323704423575927e-02,4.965647240996554773e-02,5.764231351683213322e-02,5.782534760451373684e-02,6.354750576355662484e-02,5.589414574167111266e-02,6.369412690311479497e-02
4.440899573034093155e-03,5.279880933831251726e-03,7.240616743551003820e-03,1.078136950200397036e-02,1.552657573473323338e-02,2.363807959800801398e-02,2.848951140500651652e-02,3.514811956161392748e-02,4.393976881205211710e-02,5.794431769479210792e-02,6.891334727192728604e-02,7.189222891112403979e-02,8.016177714939420884e-02,7.365233487137531898e-02,8.560418567866409645e-02
4.328923677527385036e-03,5.145605192804908468e-03,7.027184291920153536e-03,1.080099806095734596e-02,1.619078746701445304e-02,2.502997085541957406e-02,3.081537550775724152e-02,3.791555096553664989e-02,4.808205425632874896e-02,6.454139046848125782e-02,7.758783737685687187e-02,8.264178428990874570e-02,9.354321665460307855e-02,9.083438991854936306e-02,1.087633605019522748e-01
4.292900865394686134e-03,5.094895599191812813e-03,6.883707314415271790e-03,1.080133617817352620e-02,1.669453470861084060e-02,2.611999553249506195e-02,3.278756781296902206e-02,4.042293994376423838e-02,5.150407302634217588e-02,6.996290264077817400e-02,8.439719249911600829e-02,9.057553081909354431e-02,1.035569366236875066e-01,1.055717190539850053e-01,1.308901284148711319e-01
4.296463709481099236e-03,5.090174653291516631e-03,6.792558640621639693e-03,1.079658533242744065e-02,1.707258871989349516e-02,2.695993443171767687e-02,3.440394369169264693e-02,4.262596419854581403e-02,5.438581810663367655e-02,7.454077216679227957e-02,9.002952851015059987e-02,9.675844086534098054e-02,1.114154551689427453e-01,1.179628707520329195e-01,1.513738414953526845e-01
4.316744962547682148e-03,5.106437418885325860e-03,6.736357174066915504e-03,1.079113576567003289e-02,1.735207079016981221e-02,2.759494978118257405e-02,3.568483325811442480e-02,4.448161585119250055e-02,5.677926897308773618e-02,7.837848178322126547e-02,9.476760037136593151e-02,1.018196273016931525e-01,1.181376194791914358e-01,1.288321622922470044e-01,1.703575037876767229e-01
4.341373512100045462e-03,5.129516950202505851e-03,6.702163370134203366e-03,1.078626178276726778e-02,1.755586473496529784e-02,2.806675808975526640e-02,3.667077026374896548e-02,4.598142753269816169e-02,5.870900004214843482e-02,8.150236253143340603e-02,9.866926459153374518e-02,1.059706330204291669e-01,1.241024178869770817e-01,1.386029566488221898e-01,1.875956178249515161e-01
4.364531504266670574e-03,5.152392527061960478e-03,6.681392358352635300e-03,1.078227602902176452e-02,1.770293641634957185e-02,2.841246386528827050e-02,3.741236832006399060e-02,4.715215394713943853e-02,6.021695004760099779e-02,8.396012938196159570e-02,1.017698541574294929e-01,1.092811974990245266e-01,1.292747496427845422e-01,1.471852730592606018e-01,2.024918004487827328e-01
4.384026017419467847e-03,5.172164436610945243e-03,6.668681371766815337e-03,1.077916894655770071e-02,1.780832169354560485e-02,2.866315873056753810e-02,3.796056781065811764e-02,4.804154614819702851e-02,6.136441641637746525e-02,8.583769503256312439e-02,1.041528367272002153e-01,1.118342362035879139e-01,1.335497769648939792e-01,1.543621918491887846e-01,2.146378534600601462e-01
4.399469659271538005e-03,5.188071408264544396e-03,6.660794023988093025e-03,1.077681946442068765e-02,1.788348608423849170e-02,2.884360418094111117e-02,3.836068078323049552e-02,4.870367054085880665e-02,6.221983444761328835e-02,8.724002513948141135e-02,1.059375835521934872e-01,1.137490355885368426e-01,1.369229627098375313e-01,1.600737852992908938e-01,2.240636058422973420e-01
4.411258042745712718e-03,5.200332207542017644e-03,6.655811981885741309e-03,1.077507906488045682e-02,1.793693633276794569e-02,2.897280211090688673e-02,3.865004541177677333e-02,4.918938094272446576e-02,6.284794487866160462e-02,8.827043837444491226e-02,1.072500079479995622e-01,1.151568265156680260e-01,1.394914631168745756e-01,1.644461783879237748e-01,2.311243353625118679e-01
4.420042384986227688e-03,5.209527258610738981e-03,6.652604051485107306e-03,1.077380798380027198e-02,1.797487294417317652e-02,2.906496477486214883e-02,3.885795008974776699e-02,4.954191716805136925e-02,6.330413261249669132e-02,8.901889238610447008e-02,1.082031002258639213e-01,1.161781378547098870e-01,1.413994612164271303e-01,1.677039401789601758e-01,2.362941327982320538e-01
4.426483660109566121e-03,5.216298869480810556e-03,6.650499698608459097e-03,1.077288871030256286e-02,1.800176551021498428e-02,2.913053770075281490e-02,3.900663283519497510e-02,4.979585964206484361e-02,6.363287849014290232e-02,8.955817729937223803e-02,1.088894224514627834e-01,1.169126502840837495e-01,1.427936592427919982e-01,1.700881144377192067e-01,2.400270549768767359e-01
4.431155237283441149e-03,5.221224574068085607e-03,6.649096121929126690e-03,1.077222836799893342e-02,1.802081379217972124e-02,2.917710711478183755e-02,3.911261237573245703e-02,4.997779723572152999e-02,6.386847522230099106e-02,8.994457081971658774e-02,1.093808368382895441e-01,1.174379285727912697e-01,1.438014556208810080e-01,1.718127913550444585e-01,2.427002459629348796e-01
4.434517723219634153e-03,5.224777239982047149e-03,6.648146744491914041e-03,1.077175625543576667e-02,1.803429866612039217e-02,2.921013793023903224e-02,3.918797688852650868e-02,5.010764819235135475e-02,6.403665463134820823e-02,9.022033429105370816e-02,1.097313388927065314e-01,1.178121952697442770e-01,1.445247748943094268e-01,1.730510307708756079e-01,2.446052219734111965e-01
4.436925213316923571e-03,5.227324526584867063e-03,6.647497305832651346e-03,1.077141982560173364e-02,1.804384159029858575e-02,2.923354490420141533e-02,3.924148160120344286e-02,5.020007287054094325e-02,6.415637549884443958e-02,9.041660295129867742e-02,1.099806763847185342e-01,1.180782178380419267e-01,1.450414719329506663e-01,1.739356607866981153e-01,2.459588152873842803e-01
4.438642586725872335e-03,5.229143437980898410e-03,6.647049135512707319e-03,1.077118063426650736e-02,1.805059323320948664e-02,2.925012147264433385e-02,3.927942252112386068e-02,5.026573198335947817e-02,6.424143321270565921e-02,9.055602415130055427e-02,1.101577264748871965e-01,1.182669958196065907e-01,1.454094021371913625e-01,1.745656050726447639e-01,2.469189355718189594e-01
